1 0.03515625 0.321875 0.0703125 0.2140625
1 0.121875 0.234375 0.13515625 0.1484375
1 0.4015625 0.3625 0.10390625 0.1609375
1 0.5875 0.3234375 0.11171875 0.1609375
1 0.81953125 0.25390625 0.1171875 0.19453125
1 0.909375 0.26484375 0.11953125 0.2265625
1 0.0375 0.56640625 0.075 0.3484375
1 0.125 0.48671875 0.171875 0.35390625
1 0.2890625 0.590625 0.15625 0.4015625
1 0.4109375 0.60234375 0.15078125 0.359375
1 0.5015625 0.54765625 0.15390625 0.390625
1 0.653125 0.58125 0.19296875 0.390625
1 0.8015625 0.54453125 0.16171875 0.41640625
1 0.9265625 0.55234375 0.14609375 0.509375
1 0.48828125 0.3078125 0.1015625 0.19296875
1 0.2859375 0.31875 0.09921875 0.184375
