1 0.90234375 0.68671875 0.078125 0.14296875
1 0.25234375 0.821875 0.075 0.140625
1 0.3296875 0.67265625 0.065625 0.184375
1 0.42109375 0.6 0.0609375 0.09453125
1 0.5234375 0.5265625 0.071875 0.175
1 0.528125 0.2234375 0.05546875 0.0609375
1 0.8828125 0.61640625 0.053125 0.05
1 0.521875 0.184375 0.0375 0.04453125
1 0.55703125 0.4125 0.06875 0.071875
1 0.41953125 0.5328125 0.0640625 0.05703125
1 0.346875 0.5765625 0.05703125 0.053125
1 0.28515625 0.73203125 0.0578125 0.0640625
1 0.3703125 0.57265625 0.03359375 0.115625
1 0.30625 0.57265625 0.04453125 0.12890625
1 0.3734375 0.5 0.05625 0.05546875
1 0.30859375 0.48671875 0.0578125 0.04609375
