1 0.50625 0.11796875 0.08125 0.08359375
1 0.2125 0.26484375 0.0578125 0.09609375
1 0.26875 0.28125 0.08828125 0.0984375
1 0.3296875 0.259375 0.06953125 0.10390625
1 0.3921875 0.26640625 0.0796875 0.08046875
1 0.48125 0.27109375 0.06953125 0.1
1 0.6171875 0.253125 0.0984375 0.075
1 0.584375 0.315625 0.109375 0.07890625
1 0.7265625 0.2625 0.109375 0.10859375
4 0.190625 0.3703125 0.05546875 0.115625
1 0.2875 0.39921875 0.17890625 0.1515625
1 0.45859375 0.38515625 0.1421875 0.12109375
4 0.615625 0.3875 0.175 0.1109375
4 0.7609375 0.37265625 0.19609375 0.1515625
