1 0.49375 0.11796875 0.08125 0.08359375
1 0.7875 0.26484375 0.0578125 0.09609375
1 0.73125 0.28046875 0.08828125 0.1
1 0.6703125 0.259375 0.06875 0.10390625
1 0.6078125 0.26640625 0.0796875 0.08046875
1 0.51875 0.27109375 0.06953125 0.1
1 0.3828125 0.253125 0.0984375 0.075
1 0.415625 0.315625 0.109375 0.07890625
1 0.2734375 0.2625 0.109375 0.10859375
4 0.809375 0.3703125 0.05546875 0.115625
1 0.7125 0.3984375 0.178125 0.153125
1 0.5421875 0.38515625 0.1421875 0.12109375
4 0.384375 0.3875 0.175 0.1109375
4 0.2390625 0.371875 0.19609375 0.15
