1 0.13125 0.5296875 0.03046875 0.0484375
1 0.0984375 0.53984375 0.025 0.065625
1 0.0828125 0.54765625 0.02734375 0.059375
1 0.6328125 0.534375 0.03359375 0.04609375
1 0.18046875 0.5453125 0.03125 0.0765625
1 0.08046875 0.61328125 0.0625 0.10703125
1 0.13125 0.58828125 0.04453125 0.1234375
1 0.1015625 0.5828125 0.05 0.1875
1 0.6296875 0.584375 0.0546875 0.07890625
1 0.86875 0.55 0.01953125 0.04140625
1 0.86875 0.5171875 0.0234375 0.0234375
4 0.18125 0.64921875 0.0921875 0.190625
4 0.178125 0.6453125 0.03984375 0.165625
4 0.4234375 0.646875 0.0765625 0.22109375
4 0.7609375 0.60859375 0.0640625 0.18046875
4 0.8171875 0.61953125 0.07578125 0.16953125
1 0.434375 0.52734375 0.05234375 0.084375
1 0.7828125 0.5109375 0.03828125 0.08359375
1 0.82109375 0.53046875 0.0359375 0.04453125
1 0.17890625 0.54296875 0.04375 0.05
1 0.2078125 0.5625 0.040625 0.071875
