1 0.31015625 0.75 0.01875 0.05
1 0.3265625 0.7375 0.03359375 0.071875
1 0.31015625 0.66953125 0.0265625 0.04453125
4 0.33203125 0.63359375 0.040625 0.078125
1 0.90625 0.91796875 0.0265625 0.046875
4 0.925 0.88828125 0.02578125 0.07890625
1 0.984375 0.8703125 0.025 0.04609375
1 0.9828125 0.82578125 0.03359375 0.059375
1 0.628125 0.38984375 0.0234375 0.0484375
4 0.62890625 0.3625 0.034375 0.071875
1 0.5484375 0.1734375 0.0265625 0.053125
1 0.5578125 0.11953125 0.03984375 0.1109375
1 0.48046875 0.18359375 0.0234375 0.046875
4 0.45546875 0.153125 0.0265625 0.1
1 0.41328125 0.20390625 0.025 0.053125
4 0.4296875 0.1453125 0.025 0.0984375
1 0.01640625 0.67421875 0.0203125 0.065625
1 0.04609375 0.66953125 0.0375 0.121875
1 0.059375 0.590625 0.0328125 0.06796875
1 0.03046875 0.590625 0.0390625 0.0640625
1 0.0171875 0.203125 0.01953125 0.0625
1 0.04921875 0.1984375 0.0453125 0.11953125
